  Columns 1 through 14

    0.3697    0.0811    0.0475    0.0086   -0.0094         0   -0.0214         0   -0.0022    0.0169    0.0358         0    0.0011    0.1644
    0.0811    0.2956    0.0033    0.0756   -0.0022         0   -0.0178         0   -0.0211    0.0422   -0.0033         0    0.0522   -0.0544
    0.0475    0.0033    0.6475   -0.4525    0.0017         0    0.0008         0    0.0033   -0.0775    0.0025         0   -0.0433   -0.1133
    0.0086    0.0756   -0.4525    0.9031    0.0128         0   -0.0269         0   -0.0244    0.0447    0.0192         0   -0.1044    0.1922
   -0.0094   -0.0022    0.0017    0.0128    0.0656         0   -0.0006         0   -0.0022   -0.0039   -0.0017         0   -0.0156   -0.0022
         0         0         0         0         0         0         0         0         0         0         0         0         0         0
   -0.0214   -0.0178    0.0008   -0.0269   -0.0006         0    0.0164         0   -0.0011   -0.0019   -0.0008         0    0.0089   -0.0011
         0         0         0         0         0         0         0         0         0         0         0         0         0         0
   -0.0022   -0.0211    0.0033   -0.0244   -0.0022         0   -0.0011         0    0.0622   -0.0078    0.0133         0   -0.0144   -0.0211
    0.0169    0.0422   -0.0775    0.0447   -0.0039         0   -0.0019         0   -0.0078    0.1697   -0.0058         0    0.1122    0.0756
    0.0358   -0.0033    0.0025    0.0192   -0.0017         0   -0.0008         0    0.0133   -0.0058    0.0475         0   -0.0067    0.0300
         0         0         0         0         0         0         0         0         0         0         0         0         0         0
    0.0011    0.0522   -0.0433   -0.1044   -0.0156         0    0.0089         0   -0.0144    0.1122   -0.0067         0    0.4489    0.0189
    0.1644   -0.0544   -0.1133    0.1922   -0.0022         0   -0.0011         0   -0.0211    0.0756    0.0300         0    0.0189    0.6622
         0         0         0         0         0         0         0         0         0         0         0         0         0         0
   -0.0281    0.0356   -0.2225    0.1997   -0.0406         0   -0.0036         0    0.0022    0.0081    0.0225         0    0.0156    0.0522
   -0.0100    0.1467   -0.0100    0.1233    0.0067         0   -0.0133         0   -0.0033    0.0233    0.0100         0    0.0100   -0.0367
    0.0267   -0.0467    0.1100   -0.1067   -0.0067         0    0.0133         0    0.0033   -0.0233   -0.0100         0   -0.0267    0.0200
    0.1500    0.0667    0.2500   -0.1500         0         0         0         0   -0.0167    0.1167   -0.0167         0    0.1833    0.2667
         0         0         0         0         0         0         0         0         0         0         0         0         0         0
    0.0361    0.0722    0.1083   -0.0528   -0.0056         0   -0.0028         0    0.0056   -0.0194    0.0083         0    0.0889   -0.0611
    0.0119   -0.0011    0.0175   -0.0269   -0.0006         0   -0.0003         0   -0.0011   -0.0019   -0.0008         0   -0.0078    0.0156
    0.0194   -0.0278    0.0417   -0.1028   -0.0056         0   -0.0028         0    0.0056   -0.0194   -0.0083         0    0.0222    0.0556
         0         0         0         0         0         0         0         0         0         0         0         0         0         0
         0         0         0         0         0         0         0         0         0         0         0         0         0         0
         0         0         0         0         0         0         0         0         0         0         0         0         0         0
         0         0         0         0         0         0         0         0         0         0         0         0         0         0
    0.0267    0.0367    0.0767   -0.0233   -0.0067         0    0.0133         0    0.0200   -0.0567    0.0400         0   -0.1100   -0.0633
         0         0         0         0         0         0         0         0         0         0         0         0         0         0
    0.0119   -0.0011    0.0175    0.0064   -0.0006         0   -0.0003         0   -0.0011   -0.0019   -0.0008         0   -0.0078    0.0156
    0.0119   -0.0011    0.0175    0.0064   -0.0006         0   -0.0003         0   -0.0011   -0.0019   -0.0008         0   -0.0078    0.0156
    0.0872   -0.0589    0.0317    0.0428    0.0122         0   -0.0106         0    0.0078    0.0094    0.0350         0   -0.0122    0.0078
   -0.0428   -0.0022    0.0017   -0.0206   -0.0011         0   -0.0006         0   -0.0022    0.0294   -0.0017         0   -0.0156   -0.0356
   -0.6822    0.4856   -0.8767   -0.3711   -0.5156         0    0.2589         0   -0.2644    0.8289    0.2433         0    0.7822   -1.8978

  Columns 15 through 28

         0   -0.0281   -0.0100    0.0267    0.1500         0    0.0361    0.0119    0.0194         0         0         0         0    0.0267
         0    0.0356    0.1467   -0.0467    0.0667         0    0.0722   -0.0011   -0.0278         0         0         0         0    0.0367
         0   -0.2225   -0.0100    0.1100    0.2500         0    0.1083    0.0175    0.0417         0         0         0         0    0.0767
         0    0.1997    0.1233   -0.1067   -0.1500         0   -0.0528   -0.0269   -0.1028         0         0         0         0   -0.0233
         0   -0.0406    0.0067   -0.0067         0         0   -0.0056   -0.0006   -0.0056         0         0         0         0   -0.0067
         0         0         0         0         0         0         0         0         0         0         0         0         0         0
         0   -0.0036   -0.0133    0.0133         0         0   -0.0028   -0.0003   -0.0028         0         0         0         0    0.0133
         0         0         0         0         0         0         0         0         0         0         0         0         0         0
         0    0.0022   -0.0033    0.0033   -0.0167         0    0.0056   -0.0011    0.0056         0         0         0         0    0.0200
         0    0.0081    0.0233   -0.0233    0.1167         0   -0.0194   -0.0019   -0.0194         0         0         0         0   -0.0567
         0    0.0225    0.0100   -0.0100   -0.0167         0    0.0083   -0.0008   -0.0083         0         0         0         0    0.0400
         0         0         0         0         0         0         0         0         0         0         0         0         0         0
         0    0.0156    0.0100   -0.0267    0.1833         0    0.0889   -0.0078    0.0222         0         0         0         0   -0.1100
         0    0.0522   -0.0367    0.0200    0.2667         0   -0.0611    0.0156    0.0556         0         0         0         0   -0.0633
         0         0         0         0         0         0         0         0         0         0         0         0         0         0
         0    0.4697    0.0767    0.0233   -0.1667         0   -0.0194   -0.0036   -0.0194         0         0         0         0    0.0400
         0    0.0767    0.5267    0.0567    0.0500         0    0.0833    0.0033         0         0         0         0         0    0.1233
         0    0.0233    0.0567    0.2600    0.0167         0    0.0167    0.0133    0.0667         0         0         0         0   -0.0067
         0   -0.1667    0.0500    0.0167    0.8667         0    0.1167    0.0167    0.0167         0         0         0         0         0
         0         0         0         0         0         0         0         0         0         0         0         0         0         0
         0   -0.0194    0.0833    0.0167    0.1167         0    0.2389    0.0306    0.0556         0         0         0         0    0.0167
         0   -0.0036    0.0033    0.0133    0.0167         0    0.0306    0.0164    0.0306         0         0         0         0    0.0133
         0   -0.0194         0    0.0667    0.0167         0    0.0556    0.0306    0.2056         0         0         0         0   -0.0000
         0         0         0         0         0         0         0         0         0         0         0         0         0         0
         0         0         0         0         0         0         0         0         0         0         0         0         0         0
         0         0         0         0         0         0         0         0         0         0         0         0         0         0
         0         0         0         0         0         0         0         0         0         0         0         0         0         0
         0    0.0400    0.1233   -0.0067         0         0    0.0167    0.0133   -0.0000         0         0         0         0    0.5267
         0         0         0         0         0         0         0         0         0         0         0         0         0         0
         0    0.0131    0.0200    0.0467    0.0167         0   -0.0028   -0.0003   -0.0028         0         0         0         0   -0.0033
         0    0.0131    0.0200    0.0467    0.0167         0   -0.0028   -0.0003   -0.0028         0         0         0         0   -0.0033
         0    0.0461    0.0433    0.0067   -0.0500         0   -0.0389    0.0061   -0.0389         0         0         0         0    0.0733
         0   -0.0072   -0.0267   -0.0067         0         0   -0.0056   -0.0006   -0.0056         0         0         0         0   -0.0067
         0    0.2822    0.6933   -0.1267   -1.6000         0   -0.0278    0.2589   -0.9778         0         0         0         0    1.2067

  Columns 29 through 34

         0    0.0119    0.0119    0.0872   -0.0428   -0.6822
         0   -0.0011   -0.0011   -0.0589   -0.0022    0.4856
         0    0.0175    0.0175    0.0317    0.0017   -0.8767
         0    0.0064    0.0064    0.0428   -0.0206   -0.3711
         0   -0.0006   -0.0006    0.0122   -0.0011   -0.5156
         0         0         0         0         0         0
         0   -0.0003   -0.0003   -0.0106   -0.0006    0.2589
         0         0         0         0         0         0
         0   -0.0011   -0.0011    0.0078   -0.0022   -0.2644
         0   -0.0019   -0.0019    0.0094    0.0294    0.8289
         0   -0.0008   -0.0008    0.0350   -0.0017    0.2433
         0         0         0         0         0         0
         0   -0.0078   -0.0078   -0.0122   -0.0156    0.7822
         0    0.0156    0.0156    0.0078   -0.0356   -1.8978
         0         0         0         0         0         0
         0    0.0131    0.0131    0.0461   -0.0072    0.2822
         0    0.0200    0.0200    0.0433   -0.0267    0.6933
         0    0.0467    0.0467    0.0067   -0.0067   -0.1267
         0    0.0167    0.0167   -0.0500         0   -1.6000
         0         0         0         0         0         0
         0   -0.0028   -0.0028   -0.0389   -0.0056   -0.0278
         0   -0.0003   -0.0003    0.0061   -0.0006    0.2589
         0   -0.0028   -0.0028   -0.0389   -0.0056   -0.9778
         0         0         0         0         0         0
         0         0         0         0         0         0
         0         0         0         0         0         0
         0         0         0         0         0         0
         0   -0.0033   -0.0033    0.0733   -0.0067    1.2067
         0         0         0         0         0         0
         0    0.0164    0.0164    0.0061   -0.0006    0.1256
         0    0.0164    0.0164    0.0061   -0.0006    0.1256
         0    0.0061    0.0061    0.5656   -0.0544    1.0211
         0   -0.0006   -0.0006   -0.0544    0.0656    0.5511
         0    0.1256    0.1256    1.0211    0.5511  181.3156
