 Columns 1 through 14

    0.3591    0.1436    0.0903    0.0196   -0.0286    0.0760         0   -0.1055   -0.0024    0.0117         0    0.0926    0.0280         0
    0.1436    0.4293    0.2333    0.1262    0.0674    0.1402         0    0.0817   -0.0179   -0.0179         0    0.1103   -0.0226         0
    0.0903    0.2333    0.4551    0.1708    0.0934    0.1990         0    0.0506    0.0254   -0.0028         0    0.1198   -0.0307         0
    0.0196    0.1262    0.1708    0.6185    0.2617    0.1819         0   -0.0196    0.0206    0.0065         0   -0.0611    0.0111         0
   -0.0286    0.0674    0.0934    0.2617    1.0970    0.1067         0    0.1412    0.0468   -0.0377         0    0.0889    0.0274         0
    0.0760    0.1402    0.1990    0.1819    0.1067    0.4777         0   -0.0056    0.0206    0.0065         0    0.0797   -0.0030         0
         0         0         0         0         0         0         0         0         0         0         0         0         0         0
   -0.1055    0.0817    0.0506   -0.0196    0.1412   -0.0056         0    0.5844   -0.0540   -0.0540         0    0.0341   -0.0280         0
   -0.0024   -0.0179    0.0254    0.0206    0.0468    0.0206         0   -0.0540    0.0555   -0.0008         0    0.0262   -0.0048         0
    0.0117   -0.0179   -0.0028    0.0065   -0.0377    0.0065         0   -0.0540   -0.0008    0.0274         0   -0.0161    0.0234         0
         0         0         0         0         0         0         0         0         0         0         0         0         0         0
    0.0926    0.1103    0.1198   -0.0611    0.0889    0.0797         0    0.0341    0.0262   -0.0161         0    0.4317    0.0163         0
    0.0280   -0.0226   -0.0307    0.0111    0.0274   -0.0030         0   -0.0280   -0.0048    0.0234         0    0.0163    0.1968         0
         0         0         0         0         0         0         0         0         0         0         0         0         0         0
   -0.0048   -0.0075   -0.0056    0.0131    0.0373   -0.0151         0    0.0329   -0.0016   -0.0016         0   -0.0603   -0.0095         0
   -0.0226   -0.0006   -0.0264   -0.1280    0.0926   -0.0012         0   -0.0337    0.0206   -0.0075         0    0.0657   -0.0171         0
    0.0738    0.0887    0.1847    0.0083    0.0417    0.1069         0    0.0107   -0.0036    0.0246         0    0.0756    0.0349         0
   -0.0238   -0.1222   -0.1264   -0.0754   -0.0952   -0.0754         0   -0.0466   -0.0079    0.0202         0   -0.1043    0.0651         0
    0.0397    0.0018   -0.0335   -0.0105   -0.2920   -0.0105         0    0.0026   -0.0056    0.0226         0    0.0706   -0.0474         0
         0         0         0         0         0         0         0         0         0         0         0         0         0         0
         0         0         0         0         0         0         0         0         0         0         0         0         0         0
         0         0         0         0         0         0         0         0         0         0         0         0         0         0
         0         0         0         0         0         0         0         0         0         0         0         0         0         0
   -0.0036   -0.0268   -0.0464    0.0309    0.0280   -0.0113         0    0.0036   -0.0012   -0.0012         0   -0.0875   -0.0071         0
   -0.0563    0.0845    0.0704   -0.0141    0.1690    0.0141         0    0.1268    0.0282   -0.0141         0    0.0704    0.0563         0
    0.0220    0.1159    0.0186    0.0768    0.1867    0.0204         0    0.0484   -0.0067   -0.0067         0   -0.0591   -0.0405         0
   -0.0262    0.0149    0.0399   -0.0829   -0.0061    0.0157         0    0.0403   -0.0087    0.0054         0    0.1613    0.0181         0
   -0.0236    0.1399   -0.0111   -0.1287   -0.0522    0.1248         0    0.3053   -0.0313    0.0250         0   -0.0220    0.0232         0
   -0.0391    0.0097   -0.0432    0.0054    0.0268   -0.0369         0    0.0109    0.0198    0.0058         0    0.0073    0.0204         0
   -0.0153   -0.0089   -0.0014    0.0103    0.0093   -0.0038         0    0.0153   -0.0004   -0.0004         0   -0.0010   -0.0024         0
         0         0         0         0         0         0         0         0         0         0         0         0         0         0
   -0.0238   -0.0659   -0.0700   -0.1176   -0.0107   -0.0472         0    0.0379   -0.0079   -0.0079         0    0.0083   -0.0335         0
   -0.0184   -0.0327    0.0137   -0.0091    0.0107   -0.0795         0    0.0184    0.0079   -0.0202         0    0.0198    0.0054         0
   -1.5457   -1.0014    0.1168   -2.3549   -0.5773   -1.1577         0    0.1514   -0.4777    0.2406         0    0.4959    0.3452         0

  Columns 15 through 28

   -0.0048   -0.0226    0.0738   -0.0238    0.0397         0         0         0         0   -0.0036   -0.0563    0.0220   -0.0262   -0.0236
   -0.0075   -0.0006    0.0887   -0.1222    0.0018         0         0         0         0   -0.0268    0.0845    0.1159    0.0149    0.1399
   -0.0056   -0.0264    0.1847   -0.1264   -0.0335         0         0         0         0   -0.0464    0.0704    0.0186    0.0399   -0.0111
    0.0131   -0.1280    0.0083   -0.0754   -0.0105         0         0         0         0    0.0309   -0.0141    0.0768   -0.0829   -0.1287
    0.0373    0.0926    0.0417   -0.0952   -0.2920         0         0         0         0    0.0280    0.1690    0.1867   -0.0061   -0.0522
   -0.0151   -0.0012    0.1069   -0.0754   -0.0105         0         0         0         0   -0.0113    0.0141    0.0204    0.0157    0.1248
         0         0         0         0         0         0         0         0         0         0         0         0         0         0
    0.0329   -0.0337    0.0107   -0.0466    0.0026         0         0         0         0    0.0036    0.1268    0.0484    0.0403    0.3053
   -0.0016    0.0206   -0.0036   -0.0079   -0.0056         0         0         0         0   -0.0012    0.0282   -0.0067   -0.0087   -0.0313
   -0.0016   -0.0075    0.0246    0.0202    0.0226         0         0         0         0   -0.0012   -0.0141   -0.0067    0.0054    0.0250
         0         0         0         0         0         0         0         0         0         0         0         0         0         0
   -0.0603    0.0657    0.0756   -0.1043    0.0706         0         0         0         0   -0.0875    0.0704   -0.0591    0.1613   -0.0220
   -0.0095   -0.0171    0.0349    0.0651   -0.0474         0         0         0         0   -0.0071    0.0563   -0.0405    0.0181    0.0232
         0         0         0         0         0         0         0         0         0         0         0         0         0         0
    0.1095    0.0131   -0.0635    0.0405   -0.0393         0         0         0         0    0.0821   -0.0563    0.0428   -0.0456    0.0782
    0.0131    0.4495   -0.0339   -0.0331   -0.0246         0         0         0         0    0.0309    0.0704   -0.0077   -0.0125    0.0262
   -0.0635   -0.0339    0.4206   -0.0920    0.0313         0         0         0         0   -0.0899    0.0563    0.0119    0.0875    0.2252
    0.0405   -0.0331   -0.0920    0.2868   -0.0133         0         0         0         0    0.0726   -0.0704   -0.0111   -0.0591    0.0387
   -0.0393   -0.0246    0.0313   -0.0133    0.7217         0         0         0         0   -0.0506    0.0563   -0.2444    0.0375    0.1468
         0         0         0         0         0         0         0         0         0         0         0         0         0         0
         0         0         0         0         0         0         0         0         0         0         0         0         0         0
         0         0         0         0         0         0         0         0         0         0         0         0         0         0
         0         0         0         0         0         0         0         0         0         0         0         0         0         0
    0.0821    0.0309   -0.0899    0.0726   -0.0506         0         0         0         0    0.1250   -0.0845    0.0744   -0.0976    0.0375
   -0.0563    0.0704    0.0563   -0.0704    0.0563         0         0         0         0   -0.0845    0.4789   -0.0563    0.0704   -0.0704
    0.0428   -0.0077    0.0119   -0.0111   -0.2444         0         0         0         0    0.0744   -0.0563    0.4075   -0.0742    0.1843
   -0.0456   -0.0125    0.0875   -0.0591    0.0375         0         0         0         0   -0.0976    0.0704   -0.0742    0.3547   -0.0349
    0.0782    0.0262    0.2252    0.0387    0.1468         0         0         0         0    0.0375   -0.0704    0.1843   -0.0349    1.3676
   -0.0167    0.0054   -0.0093    0.0294    0.0262         0         0         0         0   -0.0125   -0.0141   -0.0286    0.1055    0.0371
   -0.0008   -0.0038   -0.0018    0.0101    0.0113         0         0         0         0   -0.0006    0.0141   -0.0034    0.0097   -0.0157
         0         0         0         0         0         0         0         0         0         0         0         0         0         0
    0.0123    0.0936    0.0488   -0.0089   -0.0415         0         0         0         0    0.0304   -0.0563    0.0171    0.0113    0.0669
   -0.0405   -0.0232   -0.0347   -0.0333   -0.0994         0         0         0         0   -0.0304    0.0141   -0.0171    0.0309   -0.1232
   -0.0258   -1.1718   -0.2482    1.3218   -0.0198         0         0         0         0   -0.5475   -0.4225   -0.2012    0.9427   -1.1361

  Columns 29 through 34

   -0.0391   -0.0153         0   -0.0238   -0.0184   -1.5457
    0.0097   -0.0089         0   -0.0659   -0.0327   -1.0014
   -0.0432   -0.0014         0   -0.0700    0.0137    0.1168
    0.0054    0.0103         0   -0.1176   -0.0091   -2.3549
    0.0268    0.0093         0   -0.0107    0.0107   -0.5773
   -0.0369   -0.0038         0   -0.0472   -0.0795   -1.1577
         0         0         0         0         0         0
    0.0109    0.0153         0    0.0379    0.0184    0.1514
    0.0198   -0.0004         0   -0.0079    0.0079   -0.4777
    0.0058   -0.0004         0   -0.0079   -0.0202    0.2406
         0         0         0         0         0         0
    0.0073   -0.0010         0    0.0083    0.0198    0.4959
    0.0204   -0.0024         0   -0.0335    0.0054    0.3452
         0         0         0         0         0         0
   -0.0167   -0.0008         0    0.0123   -0.0405   -0.0258
    0.0054   -0.0038         0    0.0936   -0.0232   -1.1718
   -0.0093   -0.0018         0    0.0488   -0.0347   -0.2482
    0.0294    0.0101         0   -0.0089   -0.0333    1.3218
    0.0262    0.0113         0   -0.0415   -0.0994   -0.0198
         0         0         0         0         0         0
         0         0         0         0         0         0
         0         0         0         0         0         0
         0         0         0         0         0         0
   -0.0125   -0.0006         0    0.0304   -0.0304   -0.5475
   -0.0141    0.0141         0   -0.0563    0.0141   -0.4225
   -0.0286   -0.0034         0    0.0171   -0.0171   -0.2012
    0.1055    0.0097         0    0.0113    0.0309    0.9427
    0.0371   -0.0157         0    0.0669   -0.1232   -1.1361
    0.4055    0.0099         0    0.0012    0.0129   -0.1424
    0.0099    0.0139         0   -0.0040    0.0040    0.1414
         0         0         0         0         0         0
    0.0012   -0.0040         0    0.2868    0.0230   -1.9458
    0.0129    0.0040         0    0.0230    0.2023   -0.1527
   -0.1424    0.1414         0   -1.9458   -0.1527  136.4067
