Columns 1 through 14

    0.3854    0.1050    0.0769    0.0220   -0.0146         0   -0.0554         0   -0.0222   -0.0117    0.0366         0    0.0076   -0.0041
    0.1050    0.3931    0.1227    0.0179    0.0012         0   -0.0432         0    0.0804    0.0010    0.0167         0    0.0019    0.0056
    0.0769    0.1227    0.3307   -0.0041    0.0170         0   -0.0129         0    0.1020   -0.0044    0.0058         0   -0.0039   -0.0387
    0.0220    0.0179   -0.0041    1.1782    0.5980         0    0.0196         0   -0.1604    0.0874    0.0126         0    0.0467   -0.1573
   -0.0146    0.0012    0.0170    0.5980    0.7597         0    0.0297         0   -0.0718    0.0852   -0.0265         0    0.0387   -0.0911
         0         0         0         0         0         0         0         0         0         0         0         0         0         0
   -0.0554   -0.0432   -0.0129    0.0196    0.0297         0    0.0528         0   -0.0050    0.0346   -0.0101         0   -0.0013   -0.0039
         0         0         0         0         0         0         0         0         0         0         0         0         0         0
   -0.0222    0.0804    0.1020   -0.1604   -0.0718         0   -0.0050         0    1.0053    0.2939    0.0015         0   -0.0591    0.0750
   -0.0117    0.0010   -0.0044    0.0874    0.0852         0    0.0346         0    0.2939    0.9330    0.0382         0   -0.0195   -0.0584
    0.0366    0.0167    0.0058    0.0126   -0.0265         0   -0.0101         0    0.0015    0.0382    0.2013         0   -0.0101   -0.0302
         0         0         0         0         0         0         0         0         0         0         0         0         0         0
    0.0076    0.0019   -0.0039    0.0467    0.0387         0   -0.0013         0   -0.0591   -0.0195   -0.0101         0    0.0528    0.0321
   -0.0041    0.0056   -0.0387   -0.1573   -0.0911         0   -0.0039         0    0.0750   -0.0584   -0.0302         0    0.0321    0.8171
         0         0         0         0         0         0         0         0         0         0         0         0         0         0
    0.0212    0.0095    0.0338    0.1653    0.0606         0   -0.0097         0   -0.2179   -0.1010    0.0236         0    0.0353   -0.0562
    0.0165    0.0164    0.0253   -0.1307   -0.0670         0    0.0054         0    0.1258    0.1446   -0.0006         0   -0.0126   -0.0107
   -0.0291   -0.0274   -0.0436    0.1721    0.2118         0    0.0155         0   -0.0019   -0.0197    0.0323         0    0.0155   -0.1247
    0.0180    0.0450    0.0631   -0.0090   -0.0811         0   -0.0090         0    0.1712    0.1351    0.0360         0   -0.0270   -0.1171
   -0.0608   -0.0412    0.0864   -0.0488   -0.0161         0    0.0228         0    0.2764    0.2880    0.0123         0   -0.0312   -0.0937
   -0.0329    0.0185    0.0609   -0.0599   -0.0295         0    0.0173         0    0.0704    0.0972   -0.0034         0   -0.0187   -0.1103
   -0.0786   -0.0467    0.0122   -0.0696    0.0175         0    0.0251         0    0.0555    0.2230    0.0299         0   -0.0380   -0.1410
    0.0390    0.1169    0.0597   -0.0151    0.0282         0    0.0319         0    0.1315    0.0821   -0.0343         0    0.0229    0.3389
   -0.0532   -0.1114   -0.0706    0.2952    0.2659         0    0.0215         0    0.1092    0.2776    0.0023         0    0.0035   -0.1697
         0         0         0         0         0         0         0         0         0         0         0         0         0         0
    0.0394   -0.0951    0.1578   -0.1348   -0.2932         0   -0.0435         0    0.3089    0.1943    0.0412         0   -0.0435   -0.1305
   -0.0026   -0.0018   -0.0010    0.0094    0.0119         0   -0.0003         0    0.0032    0.0041    0.0065         0   -0.0003   -0.0010
         0         0         0         0         0         0         0         0         0         0         0         0         0         0
         0         0         0         0         0         0         0         0         0         0         0         0         0         0
         0         0         0         0         0         0         0         0         0         0         0         0         0         0
         0         0         0         0         0         0         0         0         0         0         0         0         0         0
    0.0067    0.0052    0.0487   -0.0773   -0.0380         0    0.0132         0   -0.0692    0.0813   -0.0394         0    0.0132    0.0577
   -0.0168   -0.0234   -0.0299    0.0102    0.0178         0   -0.0010         0    0.0097    0.0124   -0.0075         0   -0.0010    0.0151
    0.7918   -0.3903   -0.1130    0.2963    0.1858         0   -0.0046         0   -0.5754   -1.2496   -0.0426         0    0.1665    0.7159

  Columns 15 through 28

         0    0.0212    0.0165   -0.0291    0.0180   -0.0608   -0.0329   -0.0786    0.0390   -0.0532         0    0.0394   -0.0026         0
         0    0.0095    0.0164   -0.0274    0.0450   -0.0412    0.0185   -0.0467    0.1169   -0.1114         0   -0.0951   -0.0018         0
         0    0.0338    0.0253   -0.0436    0.0631    0.0864    0.0609    0.0122    0.0597   -0.0706         0    0.1578   -0.0010         0
         0    0.1653   -0.1307    0.1721   -0.0090   -0.0488   -0.0599   -0.0696   -0.0151    0.2952         0   -0.1348    0.0094         0
         0    0.0606   -0.0670    0.2118   -0.0811   -0.0161   -0.0295    0.0175    0.0282    0.2659         0   -0.2932    0.0119         0
         0         0         0         0         0         0         0         0         0         0         0         0         0         0
         0   -0.0097    0.0054    0.0155   -0.0090    0.0228    0.0173    0.0251    0.0319    0.0215         0   -0.0435   -0.0003         0
         0         0         0         0         0         0         0         0         0         0         0         0         0         0
         0   -0.2179    0.1258   -0.0019    0.1712    0.2764    0.0704    0.0555    0.1315    0.1092         0    0.3089    0.0032         0
         0   -0.1010    0.1446   -0.0197    0.1351    0.2880    0.0972    0.2230    0.0821    0.2776         0    0.1943    0.0041         0
         0    0.0236   -0.0006    0.0323    0.0360    0.0123   -0.0034    0.0299   -0.0343    0.0023         0    0.0412    0.0065         0
         0         0         0         0         0         0         0         0         0         0         0         0         0         0
         0    0.0353   -0.0126    0.0155   -0.0270   -0.0312   -0.0187   -0.0380    0.0229    0.0035         0   -0.0435   -0.0003         0
         0   -0.0562   -0.0107   -0.1247   -0.1171   -0.0937   -0.1103   -0.1410    0.3389   -0.1697         0   -0.1305   -0.0010         0
         0         0         0         0         0         0         0         0         0         0         0         0         0         0
         0    0.3954   -0.1619    0.1478   -0.0360   -0.0677   -0.1001   -0.0957   -0.0265   -0.1765         0   -0.1191   -0.0024         0
         0   -0.1619    0.3956   -0.0542    0.1532    0.0965    0.1624    0.1208   -0.0136   -0.0152         0    0.0425   -0.0009         0
         0    0.1478   -0.0542    0.8144   -0.0270   -0.0510   -0.1495   -0.0173   -0.1415    0.0816         0   -0.2600    0.0016         0
         0   -0.0360    0.1532   -0.0270    0.4144    0.1802    0.1802    0.1532   -0.0360    0.0270         0    0.1892         0         0
         0   -0.0677    0.0965   -0.0510    0.1802    0.5358    0.1756    0.1648    0.1059    0.1172         0    0.2370   -0.0011         0
         0   -0.1001    0.1624   -0.1495    0.1802    0.1756    0.3774    0.1836    0.0185   -0.0144         0    0.0881   -0.0024         0
         0   -0.0957    0.1208   -0.0173    0.1532    0.1648    0.1836    0.5737   -0.1008    0.1629         0    0.1059   -0.0095         0
         0   -0.0265   -0.0136   -0.1415   -0.0360    0.1059    0.0185   -0.1008    0.8736   -0.2045         0   -0.0711   -0.0078         0
         0   -0.1765   -0.0152    0.0816    0.0270    0.1172   -0.0144    0.1629   -0.2045    0.9045         0    0.0493    0.0076         0
         0         0         0         0         0         0         0         0         0         0         0         0         0         0
         0   -0.1191    0.0425   -0.2600    0.1892    0.2370    0.0881    0.1059   -0.0711    0.0493         0    1.2273   -0.0109         0
         0   -0.0024   -0.0009    0.0016         0   -0.0011   -0.0024   -0.0095   -0.0078    0.0076         0   -0.0109    0.0089         0
         0         0         0         0         0         0         0         0         0         0         0         0         0         0
         0         0         0         0         0         0         0         0         0         0         0         0         0         0
         0         0         0         0         0         0         0         0         0         0         0         0         0         0
         0         0         0         0         0         0         0         0         0         0         0         0         0         0
         0    0.0317   -0.0424   -0.1292    0.0180    0.0047    0.0226    0.0694    0.1283   -0.0451         0    0.0963   -0.0080         0
         0   -0.0073   -0.0027    0.0229   -0.0180   -0.0032   -0.0073   -0.0105   -0.0234    0.0319         0   -0.0326   -0.0002         0
         0    1.2040   -0.3168    0.5186    0.8018    0.4872    0.9428    0.1958    0.9340    0.0952         0    1.8045   -0.0034         0

  Columns 29 through 34

         0         0         0    0.0067   -0.0168    0.7918
         0         0         0    0.0052   -0.0234   -0.3903
         0         0         0    0.0487   -0.0299   -0.1130
         0         0         0   -0.0773    0.0102    0.2963
         0         0         0   -0.0380    0.0178    0.1858
         0         0         0         0         0         0
         0         0         0    0.0132   -0.0010   -0.0046
         0         0         0         0         0         0
         0         0         0   -0.0692    0.0097   -0.5754
         0         0         0    0.0813    0.0124   -1.2496
         0         0         0   -0.0394   -0.0075   -0.0426
         0         0         0         0         0         0
         0         0         0    0.0132   -0.0010    0.1665
         0         0         0    0.0577    0.0151    0.7159
         0         0         0         0         0         0
         0         0         0    0.0317   -0.0073    1.2040
         0         0         0   -0.0424   -0.0027   -0.3168
         0         0         0   -0.1292    0.0229    0.5186
         0         0         0    0.0180   -0.0180    0.8018
         0         0         0    0.0047   -0.0032    0.4872
         0         0         0    0.0226   -0.0073    0.9428
         0         0         0    0.0694   -0.0105    0.1958
         0         0         0    0.1283   -0.0234    0.9340
         0         0         0   -0.0451    0.0319    0.0952
         0         0         0         0         0         0
         0         0         0    0.0963   -0.0326    1.8045
         0         0         0   -0.0080   -0.0002   -0.0034
         0         0         0         0         0         0
         0         0         0         0         0         0
         0         0         0         0         0         0
         0         0         0         0         0         0
         0         0         0    0.4818   -0.0239    0.1794
         0         0         0   -0.0239    0.0443   -0.7400
         0         0         0    0.1794   -0.7400  242.7938
