Columns 1 through 14

    0.2475    0.1125   -0.0525   -0.0250         0         0   -0.0600         0   -0.0850    0.0750    0.0250         0         0   -0.0575
    0.1125    0.1875   -0.0375   -0.0750         0         0   -0.1500         0   -0.1250   -0.0750    0.0750         0         0   -0.1125
   -0.0525   -0.0375    0.5475   -0.1250         0         0    0.0400         0    0.1650   -0.0750    0.0750         0         0   -0.0575
   -0.0250   -0.0750   -0.1250    0.3500         0         0         0         0   -0.1500    0.2000   -0.0500         0         0    0.1250
         0         0         0         0         0         0         0         0         0         0         0         0         0         0
         0         0         0         0         0         0         0         0         0         0         0         0         0         0
   -0.0600   -0.1500    0.0400         0         0         0    0.3600         0    0.1100   -0.0500   -0.0500         0         0    0.0700
         0         0         0         0         0         0         0         0         0         0         0         0         0         0
   -0.0850   -0.1250    0.1650   -0.1500         0         0    0.1100         0    0.6100    0.0500   -0.0500         0         0   -0.0050
    0.0750   -0.0750   -0.0750    0.2000         0         0   -0.0500         0    0.0500    0.6500   -0.0500         0         0    0.1250
    0.0250    0.0750    0.0750   -0.0500         0         0   -0.0500         0   -0.0500   -0.0500    0.2500         0         0   -0.0750
         0         0         0         0         0         0         0         0         0         0         0         0         0         0
         0         0         0         0         0         0         0         0         0         0         0         0         0         0
   -0.0575   -0.1125   -0.0575    0.1250         0         0    0.0700         0   -0.0050    0.1250   -0.0750         0         0    0.1275
         0         0         0         0         0         0         0         0         0         0         0         0         0         0
    0.0250    0.1250    0.0750   -0.3500         0         0   -0.1000         0    0.2500   -0.2000   -0.0500         0         0   -0.1750
    0.1175    0.1125    0.1175   -0.1250         0         0   -0.0300         0   -0.0550   -0.1250    0.0750         0         0   -0.0975
   -0.0400   -0.1000    0.1600    0.1000         0         0    0.0900         0   -0.0600   -0.0500   -0.0000         0         0    0.0800
    0.0875   -0.0375    0.0375    0.0250         0         0    0.1500         0    0.0750    0.1750   -0.0250         0         0    0.0125
   -0.0550   -0.0250    0.0450         0         0         0   -0.0200         0    0.0300         0    0.0500         0         0   -0.0150
   -0.0050   -0.0250   -0.0050    0.1000         0         0   -0.0200         0   -0.0700    0.1000         0         0         0    0.0350
         0         0         0         0         0         0         0         0         0         0         0         0         0         0
   -0.0025   -0.0375   -0.0025    0.0750         0         0    0.0400         0   -0.0350    0.0750   -0.0250         0         0    0.0425
         0         0         0         0         0         0         0         0         0         0         0         0         0         0
   -0.0525   -0.0375   -0.0525    0.0250         0         0    0.0400         0   -0.0350   -0.0250   -0.0250         0         0    0.0425
         0         0         0         0         0         0         0         0         0         0         0         0         0         0
         0         0         0         0         0         0         0         0         0         0         0         0         0         0
    0.1900    0.2500   -0.1600    0.0000         0         0   -0.0900         0   -0.2900   -0.2000    0.1000         0         0   -0.1300
         0         0         0         0         0         0         0         0         0         0         0         0         0         0
    0.0125    0.0375    0.2625   -0.2750         0         0    0.1500         0    0.0750   -0.2750    0.0250         0         0   -0.1125
    0.0475    0.0125   -0.0025   -0.1250         0         0    0.1400         0    0.0650   -0.0750   -0.0750         0         0   -0.0575
    0.1200    0.1500   -0.0300   -0.0500         0         0   -0.0700         0   -0.0700         0    0.0500         0         0   -0.0900
   -0.0025   -0.0375   -0.0025    0.0250         0         0   -0.0100         0    0.0650    0.0750   -0.0250         0         0    0.0425
    0.1375    0.0625   -0.9125    0.1250         0         0   -0.1500         0    0.5250   -0.7250   -0.4750         0         0   -0.0375

  Columns 15 through 28

         0    0.0250    0.1175   -0.0400    0.0875   -0.0550   -0.0050         0   -0.0025         0   -0.0525         0         0    0.1900
         0    0.1250    0.1125   -0.1000   -0.0375   -0.0250   -0.0250         0   -0.0375         0   -0.0375         0         0    0.2500
         0    0.0750    0.1175    0.1600    0.0375    0.0450   -0.0050         0   -0.0025         0   -0.0525         0         0   -0.1600
         0   -0.3500   -0.1250    0.1000    0.0250         0    0.1000         0    0.0750         0    0.0250         0         0    0.0000
         0         0         0         0         0         0         0         0         0         0         0         0         0         0
         0         0         0         0         0         0         0         0         0         0         0         0         0         0
         0   -0.1000   -0.0300    0.0900    0.1500   -0.0200   -0.0200         0    0.0400         0    0.0400         0         0   -0.0900
         0         0         0         0         0         0         0         0         0         0         0         0         0         0
         0    0.2500   -0.0550   -0.0600    0.0750    0.0300   -0.0700         0   -0.0350         0   -0.0350         0         0   -0.2900
         0   -0.2000   -0.1250   -0.0500    0.1750         0    0.1000         0    0.0750         0   -0.0250         0         0   -0.2000
         0   -0.0500    0.0750   -0.0000   -0.0250    0.0500         0         0   -0.0250         0   -0.0250         0         0    0.1000
         0         0         0         0         0         0         0         0         0         0         0         0         0         0
         0         0         0         0         0         0         0         0         0         0         0         0         0         0
         0   -0.1750   -0.0975    0.0800    0.0125   -0.0150    0.0350         0    0.0425         0    0.0425         0         0   -0.1300
         0         0         0         0         0         0         0         0         0         0         0         0         0         0
         0    0.6500    0.1750   -0.2500   -0.0750         0   -0.1000         0   -0.0750         0   -0.0750         0         0    0.1500
         0    0.1750    0.3275   -0.0700   -0.0125   -0.0150   -0.0150         0   -0.0325         0   -0.0325         0         0    0.2200
         0   -0.2500   -0.0700    0.3600    0.1000    0.0200    0.0700         0    0.0600         0    0.0100         0         0   -0.2600
         0   -0.0750   -0.0125    0.1000    0.3875   -0.0250    0.0250         0    0.0375         0   -0.0125         0         0    0.0000
         0         0   -0.0150    0.0200   -0.0250    0.0900    0.0400         0   -0.0050         0   -0.0050         0         0   -0.0700
         0   -0.1000   -0.0150    0.0700    0.0250    0.0400    0.0900         0    0.0450         0   -0.0050         0         0   -0.0700
         0         0         0         0         0         0         0         0         0         0         0         0         0         0
         0   -0.0750   -0.0325    0.0600    0.0375   -0.0050    0.0450         0    0.0475         0   -0.0025         0         0   -0.0600
         0         0         0         0         0         0         0         0         0         0         0         0         0         0
         0   -0.0750   -0.0325    0.0100   -0.0125   -0.0050   -0.0050         0   -0.0025         0    0.0475         0         0   -0.0100
         0         0         0         0         0         0         0         0         0         0         0         0         0         0
         0         0         0         0         0         0         0         0         0         0         0         0         0         0
         0    0.1500    0.2200   -0.2600    0.0000   -0.0700   -0.0700         0   -0.0600         0   -0.0100         0         0    0.9600
         0         0         0         0         0         0         0         0         0         0         0         0         0         0
         0    0.2750    0.2625   -0.0500    0.0125   -0.0250   -0.0750         0   -0.0375         0    0.0125         0         0    0.1000
         0    0.2250    0.0675   -0.0900    0.1375   -0.0550   -0.0550         0   -0.0025         0   -0.0025         0         0    0.1400
         0    0.1000    0.0100   -0.0800    0.0000   -0.0100   -0.0600         0   -0.0300         0   -0.0300         0         0    0.2800
         0   -0.0250   -0.0325    0.0100   -0.0125   -0.0050   -0.0050         0   -0.0025         0   -0.0025         0         0   -0.0600
         0    0.4750    0.2875   -0.6500   -0.9625   -0.2750   -0.2250         0   -0.1125         0   -0.0125         0         0   -0.3000

  Columns 29 through 34

         0    0.0125    0.0475    0.1200   -0.0025    0.1375
         0    0.0375    0.0125    0.1500   -0.0375    0.0625
         0    0.2625   -0.0025   -0.0300   -0.0025   -0.9125
         0   -0.2750   -0.1250   -0.0500    0.0250    0.1250
         0         0         0         0         0         0
         0         0         0         0         0         0
         0    0.1500    0.1400   -0.0700   -0.0100   -0.1500
         0         0         0         0         0         0
         0    0.0750    0.0650   -0.0700    0.0650    0.5250
         0   -0.2750   -0.0750         0    0.0750   -0.7250
         0    0.0250   -0.0750    0.0500   -0.0250   -0.4750
         0         0         0         0         0         0
         0         0         0         0         0         0
         0   -0.1125   -0.0575   -0.0900    0.0425   -0.0375
         0         0         0         0         0         0
         0    0.2750    0.2250    0.1000   -0.0250    0.4750
         0    0.2625    0.0675    0.0100   -0.0325    0.2875
         0   -0.0500   -0.0900   -0.0800    0.0100   -0.6500
         0    0.0125    0.1375    0.0000   -0.0125   -0.9625
         0   -0.0250   -0.0550   -0.0100   -0.0050   -0.2750
         0   -0.0750   -0.0550   -0.0600   -0.0050   -0.2250
         0         0         0         0         0         0
         0   -0.0375   -0.0025   -0.0300   -0.0025   -0.1125
         0         0         0         0         0         0
         0    0.0125   -0.0025   -0.0300   -0.0025   -0.0125
         0         0         0         0         0         0
         0         0         0         0         0         0
         0    0.1000    0.1400    0.2800   -0.0600   -0.3000
         0         0         0         0         0         0
         0    0.6875    0.3125    0.1000   -0.0875   -0.1375
         0    0.3125    0.3475    0.0700   -0.0525    0.0375
         0    0.1000    0.0700    0.4400   -0.0300   -0.6500
         0   -0.0875   -0.0525   -0.0300    0.0475    0.0875
         0   -0.1375    0.0375   -0.6500    0.0875   13.0875
