
  Columns 1 through 14

    0.4579    0.1324    0.1584   -0.0590         0         0   -0.0052         0   -0.0109         0         0         0   -0.0226         0
    0.1324    0.4162    0.1610   -0.1007         0         0    0.0677         0   -0.0030         0         0         0   -0.0330         0
    0.1584    0.1610    0.8016   -0.0590         0         0   -0.0573         0    0.0230         0         0         0   -0.0330         0
   -0.0590   -0.1007   -0.0590    1.0972         0         0   -0.0208         0    0.0035         0         0         0    0.0139         0
         0         0         0         0         0         0         0         0         0         0         0         0         0         0
         0         0         0         0         0         0         0         0         0         0         0         0         0         0
   -0.0052    0.0677   -0.0573   -0.0208         0         0    0.3125         0   -0.0052         0         0         0   -0.0208         0
         0         0         0         0         0         0         0         0         0         0         0         0         0         0
   -0.0109   -0.0030    0.0230    0.0035         0         0   -0.0052         0    0.0204         0         0         0    0.0191         0
         0         0         0         0         0         0         0         0         0         0         0         0         0         0
         0         0         0         0         0         0         0         0         0         0         0         0         0         0
         0         0         0         0         0         0         0         0         0         0         0         0         0         0
   -0.0226   -0.0330   -0.0330    0.0139         0         0   -0.0208         0    0.0191         0         0         0    0.0764         0
         0         0         0         0         0         0         0         0         0         0         0         0         0         0
   -0.0994   -0.0812    0.0907    0.1076         0         0   -0.0677         0    0.0152         0         0         0    0.0191         0
    0.0877   -0.0738   -0.1884    0.0903         0         0    0.1146         0   -0.0165         0         0         0    0.0174         0
   -0.0143   -0.0273   -0.0846    0.0313         0         0   -0.0677         0    0.0169         0         0         0    0.0677         0
   -0.0755    0.2005    0.0026    0.1667         0         0    0.2396         0    0.0286         0         0         0   -0.0104         0
    0.0378    0.1706    0.3008    0.1146         0         0   -0.0260         0   -0.0143         0         0         0   -0.0365         0
         0         0         0         0         0         0         0         0         0         0         0         0         0         0
    0.0451   -0.0799    0.0451    0.0139         0         0   -0.0417         0    0.0035         0         0         0    0.0139         0
    0.0100    0.0178   -0.0187    0.0035         0         0   -0.0052         0   -0.0004         0         0         0   -0.0017         0
         0         0         0         0         0         0         0         0         0         0         0         0         0         0
         0         0         0         0         0         0         0         0         0         0         0         0         0         0
         0         0         0         0         0         0         0         0         0         0         0         0         0         0
         0         0         0         0         0         0         0         0         0         0         0         0         0         0
         0         0         0         0         0         0         0         0         0         0         0         0         0         0
    0.0065    0.0143    0.0612    0.0729         0         0   -0.0260         0   -0.0039         0         0         0    0.0052         0
         0         0         0         0         0         0         0         0         0         0         0         0         0         0
    0.0100    0.0178   -0.0187    0.0035         0         0   -0.0052         0   -0.0004         0         0         0   -0.0017         0
         0         0         0         0         0         0         0         0         0         0         0         0         0         0
    0.0677    0.0781   -0.0885    0.0625         0         0    0.0208         0   -0.0365         0         0         0   -0.0208         0
    0.0100    0.0178   -0.0187    0.0035         0         0    0.0156         0   -0.0004         0         0         0   -0.0017         0
    0.3611   -0.8681    1.5486   -2.5556         0         0   -1.1042         0   -0.0139         0         0         0   -0.1181         0

  Columns 15 through 28

   -0.0994    0.0877   -0.0143   -0.0755    0.0378         0    0.0451    0.0100         0         0         0         0         0    0.0065
   -0.0812   -0.0738   -0.0273    0.2005    0.1706         0   -0.0799    0.0178         0         0         0         0         0    0.0143
    0.0907   -0.1884   -0.0846    0.0026    0.3008         0    0.0451   -0.0187         0         0         0         0         0    0.0612
    0.1076    0.0903    0.0313    0.1667    0.1146         0    0.0139    0.0035         0         0         0         0         0    0.0729
         0         0         0         0         0         0         0         0         0         0         0         0         0         0
         0         0         0         0         0         0         0         0         0         0         0         0         0         0
   -0.0677    0.1146   -0.0677    0.2396   -0.0260         0   -0.0417   -0.0052         0         0         0         0         0   -0.0260
         0         0         0         0         0         0         0         0         0         0         0         0         0         0
    0.0152   -0.0165    0.0169    0.0286   -0.0143         0    0.0035   -0.0004         0         0         0         0         0   -0.0039
         0         0         0         0         0         0         0         0         0         0         0         0         0         0
         0         0         0         0         0         0         0         0         0         0         0         0         0         0
         0         0         0         0         0         0         0         0         0         0         0         0         0         0
    0.0191    0.0174    0.0677   -0.0104   -0.0365         0    0.0139   -0.0017         0         0         0         0         0    0.0052
         0         0         0         0         0         0         0         0         0         0         0         0         0         0
    0.5308   -0.0894    0.1159   -0.0026   -0.0195         0    0.1076   -0.0265         0         0         0         0         0   -0.0091
   -0.0894    0.5816   -0.0859    0.0885   -0.0859         0    0.0278    0.0043         0         0         0         0         0   -0.0026
    0.1159   -0.0859    0.4440   -0.0755    0.0586         0    0.2188    0.0169         0         0         0         0         0    0.0898
   -0.0026    0.0885   -0.0755    0.6094    0.0703         0   -0.1667    0.0078         0         0         0         0         0   -0.0130
   -0.0195   -0.0859    0.0586    0.0703    0.7148         0    0.0729    0.0273         0         0         0         0         0    0.1211
         0         0         0         0         0         0         0         0         0         0         0         0         0         0
    0.1076    0.0278    0.2188   -0.1667    0.0729         0    0.6806    0.0035         0         0         0         0         0    0.0729
   -0.0265    0.0043    0.0169    0.0078    0.0273         0    0.0035    0.0204         0         0         0         0         0    0.0169
         0         0         0         0         0         0         0         0         0         0         0         0         0         0
         0         0         0         0         0         0         0         0         0         0         0         0         0         0
         0         0         0         0         0         0         0         0         0         0         0         0         0         0
         0         0         0         0         0         0         0         0         0         0         0         0         0         0
         0         0         0         0         0         0         0         0         0         0         0         0         0         0
   -0.0091   -0.0026    0.0898   -0.0130    0.1211         0    0.0729    0.0169         0         0         0         0         0    0.1940
         0         0         0         0         0         0         0         0         0         0         0         0         0         0
   -0.0265    0.0043    0.0169    0.0078    0.0273         0    0.0035    0.0204         0         0         0         0         0    0.0169
         0         0         0         0         0         0         0         0         0         0         0         0         0         0
   -0.0781    0.2396    0.0469   -0.0312   -0.0365         0    0.1667    0.0052         0         0         0         0         0    0.0052
   -0.0265    0.0043   -0.0039    0.0286   -0.0143         0   -0.0382   -0.0004         0         0         0         0         0   -0.0039
    1.9653    0.6181   -2.1458   -2.1250   -1.0625         0   -1.2222    0.1111         0         0         0         0         0   -1.0625

  Columns 29 through 34

         0    0.0100         0    0.0677    0.0100    0.3611
         0    0.0178         0    0.0781    0.0178   -0.8681
         0   -0.0187         0   -0.0885   -0.0187    1.5486
         0    0.0035         0    0.0625    0.0035   -2.5556
         0         0         0         0         0         0
         0         0         0         0         0         0
         0   -0.0052         0    0.0208    0.0156   -1.1042
         0         0         0         0         0         0
         0   -0.0004         0   -0.0365   -0.0004   -0.0139
         0         0         0         0         0         0
         0         0         0         0         0         0
         0         0         0         0         0         0
         0   -0.0017         0   -0.0208   -0.0017   -0.1181
         0         0         0         0         0         0
         0   -0.0265         0   -0.0781   -0.0265    1.9653
         0    0.0043         0    0.2396    0.0043    0.6181
         0    0.0169         0    0.0469   -0.0039   -2.1458
         0    0.0078         0   -0.0312    0.0286   -2.1250
         0    0.0273         0   -0.0365   -0.0143   -1.0625
         0         0         0         0         0         0
         0    0.0035         0    0.1667   -0.0382   -1.2222
         0    0.0204         0    0.0052   -0.0004    0.1111
         0         0         0         0         0         0
         0         0         0         0         0         0
         0         0         0         0         0         0
         0         0         0         0         0         0
         0         0         0         0         0         0
         0    0.0169         0    0.0052   -0.0039   -1.0625
         0         0         0         0         0         0
         0    0.0204         0    0.0052   -0.0004    0.1111
         0         0         0         0         0         0
         0    0.0052         0    0.5208    0.0052    0.7292
         0   -0.0004         0    0.0052    0.0204    0.0694
         0    0.1111         0    0.7292    0.0694  233.8472
