 Columns 1 through 14

    0.3433    0.0751    0.0425    0.0082   -0.0868         0         0         0         0         0         0         0    0.0273   -0.0703
    0.0751    0.2496    0.1415   -0.0621   -0.0868         0         0         0         0         0         0         0    0.0091   -0.0443
    0.0425    0.1415    0.4983   -0.2040   -0.1597         0         0         0         0         0         0         0    0.0078   -0.0260
    0.0082   -0.0621   -0.2040    0.5829    0.1910         0         0         0         0         0         0         0    0.0117   -0.0391
   -0.0868   -0.0868   -0.1597    0.1910    0.6389         0         0         0         0         0         0         0   -0.0521   -0.0208
         0         0         0         0         0         0         0         0         0         0         0         0         0         0
         0         0         0         0         0         0         0         0         0         0         0         0         0         0
         0         0         0         0         0         0         0         0         0         0         0         0         0         0
         0         0         0         0         0         0         0         0         0         0         0         0         0         0
         0         0         0         0         0         0         0         0         0         0         0         0         0         0
         0         0         0         0         0         0         0         0         0         0         0         0         0         0
         0         0         0         0         0         0         0         0         0         0         0         0         0         0
    0.0273    0.0091    0.0078    0.0117   -0.0521         0         0         0         0         0         0         0    0.0586   -0.0078
   -0.0703   -0.0443   -0.0260   -0.0391   -0.0208         0         0         0         0         0         0         0   -0.0078    0.1094
         0         0         0         0         0         0         0         0         0         0         0         0         0         0
    0.1710    0.1033    0.0330    0.0217   -0.0486         0         0         0         0         0         0         0   -0.0026   -0.0885
    0.1311    0.0530    0.1962   -0.1988   -0.0764         0         0         0         0         0         0         0    0.0339   -0.0365
   -0.0321    0.0564    0.0642    0.0686   -0.0486         0         0         0         0         0         0         0    0.0026    0.0260
   -0.0885    0.0052   -0.0938    0.1615    0.0833         0         0         0         0         0         0         0   -0.0052    0.0104
         0         0         0         0         0         0         0         0         0         0         0         0         0         0
         0         0         0         0         0         0         0         0         0         0         0         0         0         0
         0         0         0         0         0         0         0         0         0         0         0         0         0         0
         0         0         0         0         0         0         0         0         0         0         0         0         0         0
   -0.0187   -0.0109   -0.0043   -0.0100    0.0174         0         0         0         0         0         0         0   -0.0013    0.0182
         0         0         0         0         0         0         0         0         0         0         0         0         0         0
    0.0204    0.0647    0.1050   -0.0647   -0.1493         0         0         0         0         0         0         0    0.0169   -0.0078
         0         0         0         0         0         0         0         0         0         0         0         0         0         0
    0.0417    0.0625   -0.0417    0.0417    0.0208         0         0         0         0         0         0         0   -0.0417   -0.0417
   -0.0187   -0.0109   -0.0043   -0.0100    0.0174         0         0         0         0         0         0         0   -0.0013    0.0182
         0         0         0         0         0         0         0         0         0         0         0         0         0         0
         0         0         0         0         0         0         0         0         0         0         0         0         0         0
    0.0846    0.0560   -0.0443    0.0065   -0.1146         0         0         0         0         0         0         0   -0.0091   -0.0391
         0         0         0         0         0         0         0         0         0         0         0         0         0         0
   -1.0968    1.6506    1.1311   -0.1923   -1.3576         0         0         0         0         0         0         0   -0.2878    0.4036

  Columns 15 through 28

         0    0.1710    0.1311   -0.0321   -0.0885         0         0         0         0   -0.0187         0    0.0204         0    0.0417
         0    0.1033    0.0530    0.0564    0.0052         0         0         0         0   -0.0109         0    0.0647         0    0.0625
         0    0.0330    0.1962    0.0642   -0.0938         0         0         0         0   -0.0043         0    0.1050         0   -0.0417
         0    0.0217   -0.1988    0.0686    0.1615         0         0         0         0   -0.0100         0   -0.0647         0    0.0417
         0   -0.0486   -0.0764   -0.0486    0.0833         0         0         0         0    0.0174         0   -0.1493         0    0.0208
         0         0         0         0         0         0         0         0         0         0         0         0         0         0
         0         0         0         0         0         0         0         0         0         0         0         0         0         0
         0         0         0         0         0         0         0         0         0         0         0         0         0         0
         0         0         0         0         0         0         0         0         0         0         0         0         0         0
         0         0         0         0         0         0         0         0         0         0         0         0         0         0
         0         0         0         0         0         0         0         0         0         0         0         0         0         0
         0         0         0         0         0         0         0         0         0         0         0         0         0         0
         0   -0.0026    0.0339    0.0026   -0.0052         0         0         0         0   -0.0013         0    0.0169         0   -0.0417
         0   -0.0885   -0.0365    0.0260    0.0104         0         0         0         0    0.0182         0   -0.0078         0   -0.0417
         0         0         0         0         0         0         0         0         0         0         0         0         0         0
         0    0.4983    0.0642    0.0712    0.0104         0         0         0         0   -0.0217         0    0.0460         0    0.1250
         0    0.0642    0.4149    0.0955   -0.0938         0         0         0         0   -0.0095         0    0.0477         0   -0.0417
         0    0.0712    0.0955    0.3316    0.0937         0         0         0         0    0.0148         0    0.0304         0   -0.1250
         0    0.0104   -0.0938    0.0937    0.3958         0         0         0         0    0.0052         0   -0.0677         0   -0.0417
         0         0         0         0         0         0         0         0         0         0         0         0         0         0
         0         0         0         0         0         0         0         0         0         0         0         0         0         0
         0         0         0         0         0         0         0         0         0         0         0         0         0         0
         0         0         0         0         0         0         0         0         0         0         0         0         0         0
         0   -0.0217   -0.0095    0.0148    0.0052         0         0         0         0    0.0204         0   -0.0082         0   -0.0417
         0         0         0         0         0         0         0         0         0         0         0         0         0         0
         0    0.0460    0.0477    0.0304   -0.0677         0         0         0         0   -0.0082         0    0.2808         0    0.0208
         0         0         0         0         0         0         0         0         0         0         0         0         0         0
         0    0.1250   -0.0417   -0.1250   -0.0417         0         0         0         0   -0.0417         0    0.0208         0    0.4167
         0   -0.0217   -0.0095    0.0148    0.0052         0         0         0         0    0.0204         0   -0.0082         0   -0.0417
         0         0         0         0         0         0         0         0         0         0         0         0         0         0
         0         0         0         0         0         0         0         0         0         0         0         0         0         0
         0    0.0286    0.0234   -0.0495   -0.0885         0         0         0         0   -0.0169         0   -0.0299         0    0.1042
         0         0         0         0         0         0         0         0         0         0         0         0         0         0
         0   -1.1988   -0.0408   -0.1623   -0.1615         0         0         0         0   -0.0056         0    0.8095         0    1.7500

  Columns 29 through 34

   -0.0187         0         0    0.0846         0   -1.0968
   -0.0109         0         0    0.0560         0    1.6506
   -0.0043         0         0   -0.0443         0    1.1311
   -0.0100         0         0    0.0065         0   -0.1923
    0.0174         0         0   -0.1146         0   -1.3576
         0         0         0         0         0         0
         0         0         0         0         0         0
         0         0         0         0         0         0
         0         0         0         0         0         0
         0         0         0         0         0         0
         0         0         0         0         0         0
         0         0         0         0         0         0
   -0.0013         0         0   -0.0091         0   -0.2878
    0.0182         0         0   -0.0391         0    0.4036
         0         0         0         0         0         0
   -0.0217         0         0    0.0286         0   -1.1988
   -0.0095         0         0    0.0234         0   -0.0408
    0.0148         0         0   -0.0495         0   -0.1623
    0.0052         0         0   -0.0885         0   -0.1615
         0         0         0         0         0         0
         0         0         0         0         0         0
         0         0         0         0         0         0
         0         0         0         0         0         0
    0.0204         0         0   -0.0169         0   -0.0056
         0         0         0         0         0         0
   -0.0082         0         0   -0.0299         0    0.8095
         0         0         0         0         0         0
   -0.0417         0         0    0.1042         0    1.7500
    0.0204         0         0   -0.0169         0   -0.0056
         0         0         0         0         0         0
         0         0         0         0         0         0
   -0.0169         0         0    0.3190         0    1.7383
         0         0         0         0         0         0
   -0.0056         0         0    1.7383         0  190.9475
